16355
16333
16332
16298
16233
16222
16220
16217
16212
16196
16190
16182
16175
16173
16162
16149
16145
16101
16085
16053
16029
16020
15994
15993
15992
15988
15967
15962
15961
15960
15959
15958
15911
15882
15864
15819
15764
15763
15746
15725
15720
15718
15705
15681
15666
15665
15636
15635
15634
15613
15592
15584
15568
15556
15555
15506
15489
15463
15462
15453
15446
15445
15415
15372
15326
15317
15271
15258
15257
15247
15246
15242
15203
15179
15131
15113
15104
15100
15097
15093
15088
15086
15084
15083
15081
15058
15056
15048
15037
15019
14967
14965
14912
14906
14895
14881
14875
14874
14864
14802
14798
14774
14763
14712
14705
14636
14612
14593
14586
14579
14578
14577
14562
14555
14554
14543
14540
14501
14500
14463
14460
14455
14425
14406
14376
14372
14346
14296
14225
14177
14109
14058
13960
13959
13929
13891
13890
13874
13826
13796
13791
13783
13756
13755
13747
13743
13728
13646
13642
13604
13583
13560
13554
13553
13521
13506
13503
13491
13473
13427
13398
13371
13356
13350
13348
13301
13291
13277
13267
13259
13237
13234
13203
13202
13199
13166
13160
13134
13082
13069
13000
12974
12972
12971
12969
12957
12950
12948
12896
12886
12875
12852
12848
12816
12790
12789
12778
12774
12732
12716
12666
12656
12644
12642
12631
12625
12622
12618
12590
12583
12568
12509
12493
12492
12473
12468
12457
12415
12413
12367
12366
12348
12345
12313
12311
12308
12262
12254
12223
12161
12160
12057
12040
12006
11966
11965
11960
11942
11911
11902
11889
11879
11849
11768
11749
11741
11720
11719
11717
11671
11644
11528
11402
11400
11365
11354
11346
11335
11306
11274
11249
11185
11179
11169
11111
11110
11092
11090
11083
11066
11025
11024
10998
10989
10973
10948
10911
10906
10886
10846
10827
10786
10779
10778
10776
10771
10768
10755
10744
10691
10689
10682
10681
10674
10673
10654
10650
10568
10567
10550
10543
10499
10482
10457
10456
10444
10442
10419
10412
10410
10409
10401
10400
10360
10355
10333
10286
10285
10194
10190
10185
10144
10142
10115
10112
10063
10044
10041
10036
10031
10025
10022
10020
9979
9971
9929
9867
9862
9854
