
50,
232,
279,
435,
445,
673,
867,
916,
925,
931,
939,
952,
955,
977,
987,
1002,
1007,
1017,
1031,
1043,
1053,
1077,
1084,
1086,
1092,
1099,
1102,
1106,
1108,
1111,
1112,
1122,
1123,
1128,
1130,
1142,
1166,
1167,
1190,
1203,
1328,
1374,
1413,
1415,
1418,
1460,
1470,
1483,
1491,
1534,
1557,
1582,
1604,
1635,
1636,
1649,
1651,
1654,
1739,
1761,
1770,
1806,
1824,
1825,
1831,
1832,
1839,
1846,
1854,
1861,
1878,
1880,
1881,
1882,
1902,
1906,
1965,
1991,
1997,
1998,
2010,
2012,
2024,
2025,
2029,
2058,
2060,
2062,
2078,
2160,
2161,
2186,
2201,
2203,
2221,
2222,
2247,
2253,
2261,
2263,
2271,
2286,
2290,
2298,
2331,
2333,
2337,
2369,
2397,
2428,
2442,
2453,
2454,
2457,
2463,
2467,
2478,
2489,
2490,
2528,
2541,
2552,
2594,
2617,
2639,
2651,
2696,
2697,
2704,
2712,
2720,
2735,
2757,
2761,
2766,
2769,
2773,
2779,
2780,
2787,
2795,
2801,
2802,
2856,
2873,
2890,
2908,
2911,
2921,
2949,
2959,
2990,
3053,
3076,
3077,
3078,
3086,
3087,
3114,
3131,
3132,
3135,
3162,
3166,
3171,
3218,
3219,
3226,
3239,
3285,
3291,
3298,
3308,
3367,
3371,
3394,
3406,
3407,
3437,
3443,
3462,
3522,
3526,
3537,
3585,
3594,
3615,
3616,
3624,
3630,
3631,
3641,
3663,
3669,
3670,
3674,
3685,
3687,
3690,
3702,
3736,
3759,
3783,
3789,
3793,
3813,
3814,
3815,
3817,
3818,
3819,
3820,
3821,
3822,
3823,
3824,
3825,
3831,
3847,
3867,
3899,
3900,
3913,
3921,
3929,
3953,
3954,
3957,
4003,
4004,
4006,
4027,
4036,
4056,
4087,
4139,
4162,
4170,
4172,
4186,
4189,
4190,
4193,
4196,
4207,
4223,
4226,
4243,
4252,
4295,
4302,
4362,
4379,
4392,
4394,
4460,
4466,
4483,
4492,
4495,
4529,
4588,
4658,
4668,
4678,
4684,
4802,
4807,
4812,
4816,
4831,
4853,
4860,
4866,
4926,
5008,
5009,
5054,
5074,
5077,
5082,
5105,
5115,
5151,
5171,
5179,
5203,
5208,
5212,
5217,
5218,
5219,
5261,
5263,
5267,
5273,
5274,
5317,
5322,
5325,
5338,
5356,
5367,
5395,
5415,
5416,
5444,
5454,
5485,
5507,
5520,
5522,
5529,
5530,
5537,
5538,
5570,
5571,
5580,
5592,
5637,
5650,
5684,
5692,
5717,
5730,
5732,
5750,
5770,
5776,
5789,
5803,
5809,
5829,
5837,
5866,
5867,
5878,
5929,
5945,
5955,
5958,
5959,
5993,
5995,
6051,
6082,
6150,
6162,
6207,
6255,
6272,
6297,
6300,
6331,
6350,
6360,
6364,
6389,
6419,
6478,
6499,
6519,
6533,
6535,
6545,
6554,
6560,
6577,
6605,
6644,
6667,
6680,
6694,
6695,
6703,
6706,
6754,
6775,
6873,
6968,
7021,
7022,
7038,
7070,
7088,
7089,
7101,
7113,
7114,
7130,
7132,
7139,
7140,
7150,
7170,
7187,
7255,
7260,
7263,
7268,
7274,
7296,
7298,
7300,
7333,
7336,
7339,
7347,
7405,
7426,
7448,
7455,
7468,
7480,
7515,
7582,
7608,
7626,
7634,
7678,
7679,
7694,
7709,
7717,
7775,
7806,
7840,
7849,
7858,
7859,
7861,
7868,
7933,
7936,
7963,
7992,
7995,
8001,
8003,
8004,
8020,
8067,
8081,
8082,
8099,
8101,
8115,
8116,
8117,
8119,
8122,
8151,
8187,
8198,
8201,
8213,
8221,
8247,
8287,
8321,
8339,
8384,
8385,
8387,
8409,
8410,
8413,
8442,
8467,
8478,
8487,
8488,
8489,
8493,
8501,
8514,
8521,
8528,
8530,
8532,
8534,
8535,
8544,
8552,
8566,
8567,
8571,
8578,
8586,
8593,
8617,
8626,
8631,
8634,
8636,
8639,
8667,
8679,
8680,
8693,
8713,
8795,
8852,
8856,
8863,
8867,
8868,
8884,
8919,
8928,
8929,
8932,
8945,
8959,
8978,
8985,
8996,
9002,
9005,
9014,
9034,
9110,
9116,
9118,
9126,
9131,
9137,
9144,
9151,
9158,
9162,
9190,
9195,
9236,
9241,
9243,
9255,
9285,
9294,
9297,
9301,
9313,
9332,
9334,
9337,
9341,
9348,
9351,
9355,
9361,
9365,
9381,
9414,
9431,
9436,
9442,
9443,
9455,
9466,
9480,
9489,
9494,
9499,
9505,
9508,
9510,
9572,
9573,
9585,
9628,
9629,
9632,
9636,
9638,
9651,
9653,
9668,
9687,
9688,
9694,
9707,
9731,
9734,
9752,
9761,
9762,
9763,
9771,
9774,
9777,
9781,
9783,
9797,
9798,
9807,
9811,
9814,
9854,
9861,
9868,
9869,
9893,
9935,
9945,
9947,
9948,
9956,
9962,
9969,
9970,
9977,
9981,
9987,
9988,
9991,
10000,
10011,
10039,
10050,
10059,
10064,
10068,
10074,
10077,
10082,
10085,
10122,
10124,
10125,
10127,
10128,
10130,
10135,
10140,
10162,
10163,
10165,
10183,
10199,
10220,
10222,
10241,
10254,
10265,
10268,
10276,
10279,
10282,
10289,
10304,
10308,
10313,
10314,
10318,
10323,
10324,
10360,
10374,
10380,
10395,
10405,
10419,
10456,
10467,
10474,
10476,
10537,
10560,
10561,
10563,
10578,
10593,
10596,
10606,
10631,
10640,
10650,
10653,
10689,
10742,
10747,
10798,
10912,
10915,
10917,
10920,
10921,
10929,
10945,
10984,
10992,
11009,
11017,
11036,
11112,
11140,
11145,
11148,
11163,
11173,
11199,
11203,
11213,
11218,
11222,
11223,
11228,
11230,
11237,
11240,
11253,
11254,
11272,
11281,
11291,
11299,
11300,
11302,
11326,
11354,
11391,
11412,
11415,
11421,
11422,
11434,
11435,
11450,
11452,
11493,
11514,
11516,
11520,
11529,
11551,
11556,
11557,
11558,
11583,
11586,
11594,
11600,
11601,
11613,
11616,
11629,
11656,
11657,
11671,
11672,
11674,
11676,
11677,
11699,
11712,
11723,
11729,
11748,
11751,
11777,
11817,
11833,
11849,
11860,
11861,
11865,
11876,
11883,
11893,
11901,
11904,
11909,
11919,
11925,
11969,
11986,
11997,
12020,
12027,
12032,
12040,
12041,
12042,
12043,
12045,
12069,
12080,
12087,
12093,
12094,
12126,
12136,
12139,
12148,
12182,
12186,
12195,
12196,
12205,
12209,
12212,
12214,
12215,
12217,
12219,
12247,
12252,
12273,
12281,
12282,
12290,
12294,
12334,
12365,
12366,
12400,
12415,
12419,
12434,
12440,
12449,
12455,
12467,
12468,
12472,
12497,
12499,
12524,
12526,
12527,
12528,
12529,
12535,
12558,
12579,
12581,
12583,
12585,
12588,
12597,
12598,
12606,
12630,
12654,
12684,
12692,
12697,
12712,
12714,
12715,
12719,
12730,
12734,
12738,
12741,
12759,
12763,
12798,
12804,
12811,
12841,
12842,
12844,
12856,
12866,
12871,
12875,
12885,
12891,
12907,
12916,
12935,
12941,
12945,
12949,
12965,
12976,
12982,
12986,
12998,
13002,
13006,
13009,
13020,
13025,
13027,
13055,
13056,
13086,
13096,
13099,
13116,
13118,
13122,
13123,
13124,
13152,
13155,
13169,
13175,
13178,
13186,
13188,
13192,
13193,
13201,
13229,
13242,
13254,
13260,
13264,
13265,
13298,
13303,
13304,
13306,
13309,
13319,
13328,
13329,
13334,
13335,
13352,
13360,
13368,
13373,
13374,
13415,
13420,
13421,
13422,
13454,
13459,
13468,
13474,
13476,
13479,
13488,
13504,
13505,
13524,
13525,
13527,
13549,
13561,
13562,
13598,
13599,
13605,
13616,
13619,
13622,
13642,
13665,
13668,
13674,
13690,
13704,
13760,
13781,
13791,
13793,
13795,
13805,
13806,
13809,
13812,
13819,
13820,
13824,
13825,
13840,
13863,
13864,
13867,
13882,
13883,
13894,
13900,
13905,
13934,
13935,
13937,
13938,
13942,
13950,
13997,
14019,
14036,
14048,
14049,
14051,
14058,
14076,
14088,
14107,
14108,
14110,
14117,
14119,
14141,
14142,
14153,
14163,
14203,
14204,
14207,
14208,
14254,
14257,
14259,
14261,
14271,
14276,
14280,
14291,
14294,
14312,
14317,
14328,
14330,
14332,
14333,
14337,
14339,
14343,
14348,
14358,
14374,
14376,
14383,
14413,
14414,
14421,
14439,
14446,
14449,
14453,
14465,
14470,
14472,
14482,
14489,
14492,
14496,
14503,
14504,
14507,
14508,
14513,
14520,
14522,
14539,
14547,
14555,
14566,
14573,
14574,
14578,
14581,
14593,
14602,
14643,
14648,
14649,
14655,
14690,
14691,
14692,
14693,
14695,
14708,
14710,
14727,
14728,
14730,
14739,
14740,
14741,
14791,
14812,
14827,
14853,
14863,
14869,
14874,
14875,
14876,
14879,
14881,
14884,
14894,
14911,
14926,
14962,
14989,
15017,
15037,
15080,
15081,
15084,
15085,
15088,
15108,
15116,
15119,
15137,
15155,
15156,
15158,
15159,
15184,
15186,
15188,
15195,
15242,
15275,
15321,
15334,
15337,
15362,
15367,
15376,
15384,
15393,
15394,
15401,
15405,
15406,
15410,
15411,
15418,
15419,
15452,
15462,
15465,
15466,
15482,
15483,
15509,
15523,
15534,
15546,
15555,
15570,
15573,
15574,
15586,
15590,
15616,
15630,
15631,
15637,
15659,
15660,
15662,
15670,
15684,
15689,
15696,
15701,
15702,
15710,
15720,
15734,
15735,
15743,
15755,
15771,
15784,
15785,
15790,
15792,
15805,
15835,
15843,
15867,
15871,
15931,
15941,
15942,
15944,
15981,
15983,
15984,
15986,
15991,
16015,
16043,
16080,
16081,
16083,
16088,
16089,
16090,
16106,
16107,
16113,
16125,
16149,
16155,
16177,
16178,
16210,
16212,
16214,
16220,
16222,
16233,
16241,
16270,
16287,
16288,
16307,
16309,
16312,
16332,
16354,
16356,
16360,
16391,
16406,
16412,
16417,
16418,
16419,
16431,
16436,
16482,
16484,
16500,
16522,
16537,
16538,
16539,
16542,
16545,
16548,
16558,
16578,
16579,
16580,
16581,
16582,
16591,
16611,
16647,
16652,
16653,
16654,
16659,
16665,
16666,
16668,
16689,
16697,
16699,
16700,
16705,
16712,
16713,
16717,
16723,
16735,
16740,
16742,
16764,
16777,
16780,
16794,
16796,
16800,
16810,
16813,
16835,
16840,
16846,
16856,
16862,
16872,
16880,
16890,
16892,
16893,
16902,
16903,
16922,
16951,
16965,
16986,
16987,
16995,
17017,
17078,
17079,
17080,
17091,
17092,
17116,
17140,
17147,
17158,
17164,
17183,
17184,
17185,
17188,
17189,
17196,
17198,
17202,
17208,
17218,
17222,
17225,
17229,
17242,
17247,
17256,
17263,
17276,
17277,
17278,
17282,
17295,
17298,
17299,
17305,
17316,
17325,
17333,
17350,
17363,
17364,
17373,
17389,
17444,
17465,
17470,
17476,
17477,
17487,
17488,
17489,
17523,
17548,
17551,
17574,
17602,
17612,
17643,
17649,
17663,
17689,
17696,
17708,
17714,
17717,
17727,
17731,
17732,
17734,
17755,
17765,
17770,
17782,
17786,
17862,
17866,
17868,
17893,
17904,
17909,
17929,
17931,
17956,
17961,
17969,
17972,
18022,
18046,
18057,
18058,
18059,
18095,
18096,
18100,
18104,
18105,
18106,
18162,
18167,
18168,
18193,
18194,
18218,
18263,
18273,
18288,
18290,
18327,
18371,
18374,
18389,
18426,
18450,
18452,
18462,
18464,
18465,
18474,
18493,
18525,
18530,
18534,
18542,
18546,
18548,
18577,
18578,
18581,
18589,
18601,
18602,
18603,
18604,
18606,
18607,
18649,
18652,
18654,
18655,
18656,
18659,
18678,
18679,
18685,
18694,
18695,
18734,
18753,
18769,
18775,
18799,
18834,
18903,
18921,
18924,
18936,
18965,
18966,
18967,
18968,
18970,
18971,
18975,
18987,
18988,
18990,
18991,
18993,
19013,
19026,
19042,
19108,
19110,
19111,
19116,
19126,
19144,
19146,
19151,
19170,
19175,
19190,
19193,
19221,
19223,
19224,
19272,
19273,
19274,
19284,
19296,
19389,
19390,
19409,
19424,
19461,
19462,
19471,
19590,
19618,
19627,
19628,
19649,
19703,
19725,
19726,
19727,
19728,
19729,
19730,
19731,
19756,
19793,
19795,
19796,
19800,
19802,
19809,
19843,
19881,
19895,
19898,
19902,
19965,
19966,
19967,
20017,
20047,
20048,
20050,
20063,
20067,
20095,
20211,
20214,
20217,
20273,
20277,
20283,
20299,
20321,
20341,
20348,
20373,
20376,
20384,
20385,
20386,
20387,
20388,
20406,
20416,
20419,
20449,
20450,
20451,
20487,
20493,
20501,
20516,
20555,
20585,
20586,
20624,
20663,
20672,
20674,
20679,
20730,
20754,
20756,
20764,
20766,
20794,
20796,
20798,
20800,
20802,
20803,
20815,
20818,
20839,
20851,
20947,
20950,
20964,
20988,
20989,
20990,
20991,
20992,
21045,
21046,
21076,
21098,
21099,
21106,
21107,
21124,
21160,
21186,
21188,
21258,
21259,
21266,
21269,
21271,
21276,
21279,
21283,
21293,
21302,
21309,
21339,
21369,
21412,
21418,
21461,
21489,
21490,
21508,
21516,
21517,
21522,
21534,
21546,
21553,
21575,
21579,
21586,
21626,
21636,
21646,
21647,
21709,
21714,
21715,
21750,
21784,
21793,
21825,
21829,
21830,
21841,
21873,
21883,
21898,
21930,
21931,
21933,
21947,
21961,
21976,
21982,
22018,
22041,
22044,
22045,
22062,
22122,
22147,
22148,
22154,
22176,
22179,
22181,
22182,
22190,
22195,
22196,
22197,
22198,
22220,
22221,
22227,
22228,
22229,
22230,
22242,
22251,
22255,
22261,
22270,
22272,
22284,
22316,
22326,
22327,
22328,
22329,
22349,
22355,
22391,
22408,
22419,
22423,
22428,
22448,
22455,
22477,
22493,
22497,
22552,
22591,
22593,
22594,
22596,
22598,
22603,
22608,
22660,
22675,
22677,
22685,
22688,
22691,
22725,
22732,
22747,
22753,
22767,
22794,
22798,
22814,
22830,
22865,
22872,
22876,
22877,
22888,
22909,
22911,
22926,
22951,
22952,
22953,
22972,
22975,
22996,