
1613,
217,
424,
434,
453,
461,
465,
467,
474,
490,
506,
519,
520,
532,
533,
551,
621,
755,
921,
964,
1025,
1039,
1100,
1126,
1448,
1475,
1599,
1814,
1829,
1898,
2476,
2637,
2647,
2748,
2837,
3054,
3138,
3252,
3482,
3610,
3614,
4002,
4035,
4157,
4380,
4489,
4616,
5073,
5140,
5393,
5579,
5659,
5769,
5812,
5820,
5928,
5944,
6107,
6148,
6965,
7063,
7181,
7228,
7267,
7402,
7673,
7932,
7987,
7991,
8056,
8128,
8147,
8164,
8454,
8827,
8874,
8904,
8975,
9040,
9105,
9117,
9160,
9226,
9227,
9237,
9350,
9401,
9476,
9634,
9744,
9847,
9907,
9916,
10006,
10008,
10010,
10152,
10192,
10272,
10434,
10524,
10550,
10588,
10773,
10882,
10922,
10941,
10991,
11144,
11146,
11265,
11390,
11665,
11984,
12022,
12132,
12358,
12359,
12370,
12397,
12418,
12422,
12540,
12915,
13341,
13548,
13664,
13679,
13932,
14073,
14137,
14201,
14363,
14410,
14428,
14443,
14532,
14599,
14721,
14856,
15484,
15612,
15636,
15725,
16277,
16605,
16734,
16836,
17345,
17464,
17469,
17651,
17659,
17726,
17781,
17955,
18144,
18272,
18425,
18777,
19041,
19172,
19419,
19592,
19745,
19780,
20398,
20912,
21460,
21707,
21856,
21897,
22249,
22354,
22387,
22418,
22765,
22766,